Year	GDP	Personal consumption expenditur	Gross private domestic investme	Exports	Imports	Government consumption expendit	Sum  GDP Components	Residual	Real Total Govt Receipts	Real Total Govt Expenditures	Real Fed Govt Receipts	Real Fed Govt Expenditures	Real Disposable Personal Income	Personal Savings in 2005 dollar	Real Gross Savings	Gross domestic investment	Net Saving  in real 2005 Dollar	Gross Private Saving 2005 Dolla	Percent GDP Fed Exp	Percent GDP Fed Receipts
1929	977	736.6	101.7	38	49.1	146.5	973.7	3.3	164.3449679	125.2152136	57.91203631	40.69494444	792	34.056	182.3507181	182.3507181	91.64777022	149.281935	4.165296257	5.927536982
1930	892.8	697.1	67.9	31.4	42.7	161.4	915.1	-22.3	161.498708	135.6589147	46.83462532	43.60465116	741.1	29.644	147.4201474	136.6093366	55.03685504	122.8501229	4.884033508	5.245813768
1931	834.9	675.2	42.6	26.1	37.3	168.2	874.8	-39.9	147.9591837	166.6666667	32.31292517	68.02721088	714.9	26.4513	90.56192035	97.10856519	-5.45553737	92.7441353	8.147947165	3.870274904
1932	725.8	614.7	12.9	20.4	30.9	162.6	779.7	-53.9	153.2137519	164.4245142	29.89536622	56.05381166	619.9	-6.8189	40.6303866	41.86161044	-54.17384881	38.16793893	7.723038256	4.118953736
1933	716.4	601.1	18.9	20.6	32.2	157.2	765.6	-49.2	156.0515333	166.9388496	47.17837053	61.69479223	601.6	-10.2272	41.72461752	46.78214692	-51.83967632	36.66708813	8.611780044	6.585478857
1934	794.4	644	34.2	22.8	32.9	177.3	845.4	-51	163.6026311	180.4688818	57.34525215	92.76437848	660.3	5.9427	77.14561234	77.14561234	-16.8756027	75.94021215	11.67728833	7.21868733
1935	865	683.3	63.4	24.1	43.1	182.2	909.9	-44.9	175.6146513	187.3222947	61.88325807	93.66114735	723.9	30.4038	113.4617657	112.2798724	21.27408108	109.9160856	10.82787831	7.154133881
1936	977.9	752.9	81.2	25.3	42.6	212.6	1029.4	-51.5	193.213184	207.8259458	74.68744926	126.6439357	815.1	50.5362	134.4400281	149.6375964	39.74748656	130.9328969	12.95060187	7.637534437
1937	1028	780.7	101.5	31.9	48	203.6	1069.7	-41.7	227.3449921	190.7790143	104.9284579	101.7488076	842.8	49.7252	182.6792963	179.2963464	81.19079838	142.0838972	9.897743933	10.20704843
1938	992.6	768.2	67.1	31.5	37.3	219.3	1048.8	-56.2	220.5299064	209.4240838	95.19276535	115.8178645	795.1	15.1069	134.4673026	129.8701299	28.73232962	111.4814389	11.66813062	9.590244343
1939	1072.8	811.1	86.2	33.3	39.2	238.6	1130	-57.2	228.9953233	230.6079665	101.5965167	133.8493791	861.4	37.9016	158.3052031	160.6332208	50.0523804	142.0090793	12.47663862	9.470219677
1940	1166.9	853.1	120.1	37.9	40.1	245.3	1216.3	-49.4	270.8435308	244.7381302	133.7901778	138.6849404	918.6	52.3602	213.4779598	207.7082853	101.5462728	176.5520425	11.88490363	11.46543644
1941	1366.1	913.6	146.7	38.8	49.3	407.7	1457.5	-91.4	365.7599508	301.2140771	228.9841709	195.1744275	1056.3	128.8686	323.908569	313.0755064	203.6615751	256.7435814	14.28697954	16.76188939
1942	1618.2	892	77.5	25.6	44.8	959.4	1909.7	-291.5	477.1371769	587.2457562	341.0307386	474.0786053	1187.8	286.2598	398.3585227	390.3513162	261.2351116	435.3918527	29.29666329	21.07469649
1943	1883.1	916.9	45.8	21.6	56.5	1427.2	2355	-471.9	716.3280662	905.944319	579.3829947	791.572611	1242.6	316.863	425.4714299	428.3142234	269.1177864	486.1176917	42.03561208	30.76751074
1944	2035.2	943	56.5	23.2	59.1	1606.1	2569.7	-534.5	753.163592	1138.893124	611.373685	1019.972557	1287.2	334.672	369.2393115	410.8828429	188.7840089	521.006848	50.1165761	30.03998059
1945	2012.4	1001.4	74.7	32.5	62.8	1402.2	2448	-435.6	774.9133122	1186.491784	625.6595809	1061.359867	1270.2	259.1208	268.9045299	315.827468	78.50568489	424.1111713	52.74099917	31.09021968
1946	1792.2	1125.9	191.4	70.3	52.1	482.1	1817.6	-25.4	613.6612687	656.2766346	480.9448435	540.6063558	1259.4	120.9024	310.7298916	279.9805794	123.8064412	251.6588445	30.16439883	26.8354449
1947	1776.1	1147.5	183.9	80.1	49.4	409.5	1771.6	4.5	624.2253521	548.7323944	482.2535211	422.5352113	1211.9	50.8998	339.3780497	288.3985143	144.9275362	212.6574904	23.7900575	27.15238563
1948	1854.2	1173.4	234.9	63.1	57.7	439.4	1853.1	1.1	616.1857236	563.0288566	459.9696246	419.8307659	1277	88.113	399.724328	379.7381116	203.9972433	299.793246	22.64215111	24.80690458
1949	1844.7	1205.9	179.3	62.5	55.6	491.9	1884	-39.3	565.2815862	608.521409	399.7047036	458.7639738	1285.2	62.9748	314.4393877	321.3349883	113.08785	283.4091849	24.86929982	21.66773479
1950	2006	1283.3	253.2	54.7	65.8	492.4	2017.8	-11.8	696.6694772	623.9460371	514.3338954	455.311973	1401.5	99.5065	414.6424906	437.2220322	210.0581594	313.3766678	22.69750613	25.63977545
1951	2161.1	1303.4	254	67.1	68.4	672.7	2228.8	-67.7	809.4485076	688.8713184	621.6643605	525.7956118	1442.9	121.2036	480.7323006	498.015619	264.3707592	346.9466137	24.32999916	28.76610803
1952	2243.9	1344.6	229.7	64.2	74.4	810	2374.1	-130.2	837.1281853	772.211995	637.5351226	601.6858832	1489.6	125.1264	464.8540283	478.0102744	237.4389174	362.7364992	26.81429133	28.41192221
1953	2347.2	1408.8	240.5	59.9	81.4	868	2495.8	-148.6	870.6491514	819.8293221	657.7811871	640.5216224	1561.9	128.0758	464.6127196	497.4016333	225.810443	367.4832962	27.28875351	28.0240792
1954	2332.4	1438.3	229.3	62.8	77.4	808.9	2461.9	-129.5	806.57277	792.4882629	586.8544601	602.8169014	1583	118.725	449.5345419	467.2954434	200.8819206	371.7540421	25.8453482	25.16096982
1955	2500.3	1544.5	285	69.5	86.7	779.3	2591.6	-91.3	871.7209051	788.7857207	640.9447399	589.5609844	1690	116.61	531.3367951	543.4126313	272.9138993	405.1443062	23.57960982	25.63471343
1956	2549.7	1589.7	281.1	80.9	93.7	780	2638	-88.3	889.3820417	786.9580061	646.978491	582.9634688	1772.2	150.637	580.1669293	553.9018269	305.2588572	436.0007004	22.86400238	25.37469079
1957	2601.1	1629.1	268.9	88	97.6	814.7	2703.1	-102	897.4987739	837.011607	648.1935589	622.0369462	1815.3	152.4852	561.6646929	534.596515	275.1931427	443.2414143	23.91438031	24.91997843
1958	2577.6	1643.3	246.6	76.1	102.3	840.9	2704.6	-127	858.593874	878.4319949	603.8724012	646.7227424	1833.1	155.8135	500.4960864	501.5985007	206.7026789	438.2096792	25.0901126	23.42770023
1959	2762.5	1736.7	296.6	83.9	113	869.5	2873.7	-111.2	972.1014779	915.9883032	687.5839722	661.5032008	1913.5	143.5125	578.264661	587.529976	276.324395	461.0856769	23.94581722	24.88991754
1960	2830.9	1784.4	296.5	98.5	114.5	871	2935.9	-105	1049.262237	960.2623156	733.0783043	677.6485284	1963.9	141.4008	598.258439	576.2201677	294.0227908	456.3534724	23.93756503	25.89559166
1961	2896.9	1821.2	294.6	99	113.8	914.8	3015.8	-118.9	1063.911213	1011.863758	730.9605817	711.0600842	2030.8	170.5872	607.5263102	582.0133943	298.1822047	488.4660359	24.5455516	25.23250998
1962	3072.4	1911.2	332	104	126.7	971.1	3191.6	-119.2	1124.048365	1066.577101	773.2497388	755.3366174	2129.6	176.7568	654.9210844	636.568612	337.1611347	528.5512034	24.5845794	25.1676129
1963	3206.7	1989.9	354.3	111.5	130.1	996.1	3321.7	-115	1184.806428	1104.455807	816.6544923	777.9401023	2209.5	172.341	691.1222954	661.0283817	362.1646863	543.2470295	24.25983417	25.46713108
1964	3392.3	2108.4	383.5	124.6	137	1018	3497.5	-105.2	1184.079602	1132.196162	794.5984364	788.2018479	2368.7	208.4456	732.6793378	698.4467607	393.4191702	602.902105	23.2350278	23.42358979
1965	3610.1	2241.8	437.3	128.1	151.6	1048.7	3704.3	-94.2	1248.269178	1181.113265	837.7180836	814.8712268	2514.7	216.2642	795.3633079	771.7784022	440.0843035	651.3448414	22.5719849	23.20484429
1966	3845.3	2369	475.8	137	174.1	1141.1	3948.8	-103.5	1348.045733	1281.574049	917.3092263	902.0207392	2647.3	217.0786	823.2079247	834.9192407	450.3976968	676.8164739	23.45774684	23.85533577
1967	3942.5	2440	454.1	140.1	186.8	1228.7	4076.1	-133.6	1389.190224	1403.867016	937.4002935	996.745581	2763.5	259.769	807.6121947	812.3461466	414.6941867	717.1937133	25.28206927	23.77679882
1968	4133.4	2580.7	480.5	151.1	214.7	1267.2	4264.8	-131.4	1526.029056	1495.157385	1036.924939	1051.452785	2889.2	242.6928	826.446281	839.1608392	415.9476887	699.3006993	25.43796353	25.08648908
1969	4261.8	2677.4	508.5	158.4	226.9	1264.3	4381.7	-119.9	1618.427813	1524.233602	1100.074214	1050.979049	2981.4	232.5492	858.5028126	864.1280831	429.6841194	680.2250108	24.66044978	25.81243169
1970	4269.9	2740.2	475.1	175.5	236.6	1233.7	4387.9	-118	1514.383742	1558.194774	982.3172341	1064.133017	3108.8	292.2272	792.5024663	805.6560342	347.3364025	717.6915488	24.92173158	23.00562622
1971	4413.3	2844.6	529.3	178.4	249.2	1206.9	4510	-96.7	1486.704863	1595.416483	939.7189168	1080.260516	3249.1	324.91	818.9469564	860.8338227	358.1914269	795.4589939	24.4773869	21.29288552
1972	4647.7	3019.5	591.9	191.8	277.2	1198.1	4724.1	-76.4	1578.061758	1620.355632	1001.864569	1115.103006	3406.6	303.1874	890.5317672	938.9424701	413.17972	814.7258603	23.9925771	21.55613677
1973	4917	3169.1	661.3	228	290.1	1193.9	4962.2	-45.2	1654.657964	1638.128338	1062.982114	1112.994829	3638.2	382.011	1038.970274	1035.770161	538.3302517	913.8102688	22.63564835	21.61850954
1974	4889.9	3142.8	612.6	246	283.5	1224	4941.9	-52	1662.239674	1681.872426	1077.876583	1133.695192	3610.2	386.2914	984.055561	996.7719847	450.2918256	883.9544817	23.18442487	22.04291669
1975	4879.5	3214.1	504.1	244.5	252	1251.6	4962.3	-82.8	1546.561254	1784.789757	971.1047366	1218.428601	3691.3	391.2778	884.2362331	873.5146082	317.1814039	968.222295	24.97035765	19.90172634
1976	5141.3	3393.1	605.9	255.1	301.3	1257.2	5210	-68.7	1660.37612	1812.333848	1060.093866	1236.338574	3838.3	360.8002	963.2446134	1009.435291	376.8483312	973.3840304	24.04719767	20.61917931
1977	5377.7	3535.9	697.4	261.3	334.2	1271	5431.4	-53.7	1741.09198	1842.371789	1117.146978	1258.631802	3970.7	345.4509	1050.471348	1135.472937	436.6592522	1017.106239	23.40464886	20.77369467
1978	5677.6	3691.8	781.5	288.8	363.2	1308.4	5707.3	-29.7	1863.57081	1892.991059	1222.959331	1306.3167	4156.5	369.9285	1178.58115	1274.342415	531.7595823	1081.582659	23.00825525	21.54007557
1979	5855	3779.5	806.4	317.5	369.2	1332.8	5867	-12	1939.853626	1942.51497	1295.808383	1333.067199	4253.8	374.3344	1218.102483	1328.216024	535.2614625	1095.881023	22.76801365	22.13165471
1980	5839	3766.2	717.9	351.7	344.7	1358.8	5849.9	-10.9	1916.772661	2031.486237	1278.648396	1414.720776	4295.6	420.9688	1135.925988	1212.95211	415.6898861	1106.831882	24.22881959	21.89841404
1981	5987.2	3823.3	782.4	356	353.8	1371.2	5979.1	8.1	2005.112743	2112.611432	1354.439783	1478.543961	4410	467.46	1235.821809	1299.324803	483.3495916	1195.845527	24.69508219	22.6222572
1982	5870.9	3876.7	672.8	328.8	349.3	1395.3	5924.3	-53.4	1925.78165	2207.688365	1265.812404	1543.003588	4506.5	491.2085	1120.486055	1134.909045	338.7599834	1229.379631	26.2822325	21.56078972
1983	6136.2	4098.3	735.5	320.3	393.4	1446.3	6207	-70.8	1972.316975	2310.270718	1268.410986	1615.829012	4655.7	405.0459	1044.83566	1191.91744	262.4230336	1200.589715	26.33273055	20.67095249
1984	6577.1	4315.6	952.1	346.4	489.1	1494.9	6619.9	-42.8	2088.37375	2365.010597	1331.60787	1653.256813	4989.1	508.8882	1259.381843	1462.648145	466.3758086	1360.680675	25.1365619	20.24612473
1985	6849.3	4540.4	943.3	357	520.9	1599	6918.8	-69.5	2209.408084	2493.724306	1408.665915	1733.546768	5144.8	421.8736	1198.059481	1452.144144	377.8819788	1301.250953	25.30983849	20.5665676
1986	7086.5	4724.5	936.9	384.4	565.4	1696.2	7176.6	-90.1	2304.696572	2615.35988	1457.741572	1805.562999	5315	403.94	1125.819405	1459.771757	271.0982017	1244.067743	25.47891059	20.57068472
1987	7313.3	4870.3	965.7	425.7	598.9	1737.1	7399.9	-86.6	2438.608992	2677.221459	1558.019499	1817.660451	5402.4	351.156	1207.942807	1496.533515	326.1121319	1255.346417	24.85417596	21.30391888
1988	7613.9	5066.6	988.5	493.9	622.4	1758.9	7685.5	-71.6	2543.250838	2748.417239	1622.541219	1856.823645	5635.6	388.8564	1345.723242	1504.254366	433.646813	1356.620391	24.387287	21.31025124
1989	7885.9	5209.9	1028.1	550.6	649.8	1806.8	7945.6	-59.7	2670.868623	2857.658722	1703.762064	1923.708227	5785.1	381.8166	1329.257768	1542.865362	392.2612198	1317.750288	24.3942762	21.60516953
1990	8033.9	5316.2	993.5	600.2	673	1864	8100.9	-67	2695.844176	2964.277265	1707.751755	1985.963252	5896.3	383.2595	1270.685334	1491.005775	313.5169568	1325.384626	24.71979054	21.25682115
1991	8015.1	5324.2	912.7	640	672	1884.4	8089.3	-74.2	2682.224187	3024.113648	1679.57199	2012.468372	5945.9	416.213	1272.43787	1368.609722	303.6301865	1386.533266	25.10846242	20.95509713
1992	8287.1	5505.7	986.7	684	719.2	1893.2	8350.4	-63.3	2742.582793	3194.304061	1706.403472	2156.04376	6155.3	449.3369	1218.103662	1421.404027	245.5021754	1426.368946	26.0168667	20.59108098
1993	8523.4	5701.2	1074.8	706.4	781.4	1878.2	8579.2	-55.8	2825.566723	3233.4044	1775.370201	2181.757531	6258.2	362.9756	1225.230753	1499.322441	230.6256552	1390.913042	25.59726789	20.82936623
1994	8870.7	5918.9	1220.9	768	874.6	1878	8911.2	-40.5	2953.868312	3253.36421	1866.871885	2178.087801	6459	335.868	1370.653712	1650.493946	344.9484768	1438.140909	24.55373084	21.0453728
1995	9093.7	6079	1258.9	845.7	944.5	1888.9	9128	-176	3045.235248	3316.01446	1935.040479	2218.465218	6651.6	345.8832	1495.100144	1688.39611	428.7834374	1534.593355	24.39562794	21.27891265
1996	9433.9	6291.2	1370.3	916	1026.7	1907.9	9458.7	-154.1	3195.682526	3363.897541	2049.189131	2248.281602	6870.9	336.6741	1618.140895	1786.647088	519.7212426	1565.302168	23.83194228	21.72154815
1997	9854.3	6523.4	1540.8	1025.1	1165	1943.8	9868.1	-118.7	3371.21312	3402.721017	2183.404962	2262.636117	7113.5	327.221	1804.409017	1940.771578	664.5457341	1626.65279	22.9609015	22.15687529
1998	10283.5	6865.5	1695.1	1048.5	1301.1	1985	10293	-87.8	3550.774594	3446.064595	2312.595117	2268.890074	7538.8	399.5564	1934.812355	2074.216146	741.342814	1631.328429	22.06340326	22.48840489
1999	10779.8	7240.9	1844.3	1094.3	1450.9	2056.1	10784.7	-49.5	3658.444358	3481.225658	2388.545067	2264.013008	7766.7	240.7677	1968.513012	2223.105825	707.1894521	1590.83051	21.00236561	22.15760095
2000	11226	7608.1	1970.3	1188.3	1639.9	2097.8	11224.6	-24.1	3796.250288	3521.869281	2493.061699	2268.612219	8161.5	236.6835	2030.615468	2342.410432	694.6575219	1552.432091	20.20855352	22.20792535
2001	11347.2	7813.9	1831.9	1121.6	1593.8	2178.3	11351.9	-29.2	3678.684347	3649.662593	2383.441083	2335.661366	8360.1	225.7227	1870.518675	2188.541046	484.7000684	1617.689236	20.58359213	21.00466268
2002	11553	8021.9	1807	1099.2	1648	2279.6	11559.7	-19.8	3411.261681	3763.893199	2137.052745	2427.617438	8637.1	302.2985	1694.549086	2160.824205	277.8109496	1798.660341	21.01287491	18.49781654
2003	11840.7	8247.6	1871.6	1116.8	1720.7	2330.5	11845.8	-12.1	3357.308329	3815.333701	2079.53668	2494.760066	8853.9	309.8865	1650.176941	2216.282851	211.1605862	1859.53092	21.06936301	17.56261606
2004	12263.8	8532.7	2058.2	1222.8	1910.8	2362	12264.9	-3.5	3454.63393	3864.869725	2130.412246	2531.867853	9155.1	311.2734	1781.768955	2419.059823	301.1294939	1942.874268	20.64505172	17.37155079
2005	12638.4	8819	2172.2	1305.1	2027.8	2369.9	12638.4	-0.2	3659.3	3916.4	2290.1	2573.1	9277.3	129.8822	1903.4	2564.2	362	1909.9	20.35938093	18.12017344
2006	12976.2	9073.5	2230.4	1422	2151.2	2402.1	12976.8	-1.7	3810.686557	3956.334294	2407.909044	2602.296789	9650.7	231.6168	2105.691293	2665.233433	497.4676312	1992.872568	20.05438256	18.55634966
2007	13228.9	9289.5	2161.6	1554.4	2209.3	2434.2	13230.4	-0.6	3820.212446	4032.294767	2416.373119	2639.651202	9874.2	207.3582	1894.243704	2588.59277	231.5124035	1839.399441	19.95367114	18.26586579
2008	13228.8	9265	1957.3	1647.7	2151.7	2502.7	13221	16.2	3542.33147	4119.416741	2176.438366	2712.222522	10042.9	411.7589	1643.860845	2386.968452	-58.93294536	1967.347465	20.50240779	16.45227357
2009	12880.6	9153.9	1515.7	1490.7	1853.8	2542.6	12849.1	37.8	3250.846097	4360.280521	1924.043125	3015.857786	10099.8	595.8882	1399.222755	1908.993049	-298.6735755	2262.675838	23.41395421	14.93752717
