Weights
525.8
514.7
537.3
525.2
515.2
542.2
510.2
534.7
533.5
519.3
513.5
542.2
517.4
512.9
521.1
511
519.5
510
544.8
519
517.9
529.7
512.8
520.8
536.7
537.3
525.7
526.2
523.1
542.6
523.3
527.9
520.3
508.4
539.5
508.9
518.7
526.8
508.1
517.3
512.5
507.9
517.3
515.6
516.8
531.8
529.8
511.9
511
515.5
531.3
515.7
511.8
529.8
511.2
528
523.5
518.3
533.9
516.2
537.5
518.8
517.8
519.4
513
526.9
516.9
517.3
534.9
510.6
509.1
517.3
535.6
516
509.9
529.9
507.8
521.2
527.4
520.7
536.9
520.4
514.9
516.1
511.1
508
515.4
504.7
512.5
516.7
520.2
517.4
518.9
522
519.4
521.6
517.7
517.6
531.1
512.9
