weight
1135.6
1138.6
1139.6
1137.7
1139.4
1139
1137.7
1139.4
1135
1135.9
1137.8
1137.6
1134.8
1142.1
1135.1
1130.1
1136.7
1138.1
1136.4
1138.4
1130.3
1132.9
1134.9
1137
1142
1136.2
1127.8
1136
1138.2
1135.2
1136.1
1136.9
1135.2
1140.2
1132.8
1144.3
1136.2
1135.9
1124.8
1136.4
1138.2
1130.9
1131.7
1133.2
1134.4
1133.4
1135.8
1135.8
1129.4
1130.4
1142.3
1134.3
1135.8
1137.7
1134.1
1129.7
1132.4
1132.3
1135
1135.8
1135.8
1135.7
1134.2
1135.1
1142
1135.9
1135.7
1133.9
1134.6
1135.5
1133.9
1138.6
1130.8
1134.9
1141.5
1128.9
1136.1
1136.7
1138
1131.1
1133.5
1132.5
1138.7
1130.3
1134.4
1138.4
1136.8
1133.6
1139.6
1134.2
1135.2
1134.5
1132
1136.9
1132.1
1132.7
1135.8
1131.8
1133.1
1128.9
1133.3
1136
1132.5
1132.7
1133.6
1138.2
1134.8
1140
1134
1132.4
1135.2
1138.7
1132.3
1130.8
1134.3
1131.1
1133.9
1132.6
1136.5
1133.4
1132.3
1132.6
1137.6
1132.4
1135.1
1135.1
1131.4
1141
1128.4
1139.1
1135.3
1136.1
1131.8
1144.6
1134
1138.9
1132.7
1139.1
