Month	3M Company	AB Volvo  (ADR)	Alcoa Inc.	General Motors Corporation	Infosys Technologies Limited (	Intel Corporation	International Business Machine	Microsoft Corporation	"Nissan Motor Co., Ltd. (ADR)"	Pearson PLC (ADR)	"Pentair, Inc."	Piper Jaffray Companies	Potlatch Corporation	"Reliant Energy, Inc."	"Restoration Hardware, Inc."	SAFECO Corporation	Safeway Inc.	Sea Containers Ltd.	Seagate Technology	Seneca Foods Corporation	Senior Housing Properties Trus	Tata Communications Limited (A	Tata Motors Limited (ADR)	TCF Financial Corporation	"TeleCommunication Systems, Inc"	SP 500
200804	-0.029258778	0.016286645	-0.03680276	0.17887931	0.18127718	0.04851752	0.046064623	0.004908836	0.059221658	-0.031131359	0.133858268	0.088566828	0.079000223	0.081196581	0	0.342523224	0.071202532	-0.166666667	-0.109697933	-0.041257367	0.010438413	-0.006896552	0.055622733	-0.029885057	0.134615385	0.045388607
200803	0.009475679	0.013245033	-0.029950083	-0.222047244	-0.088062622	0.057129367	0.011116901	0.041578576	-0.079136691	0.025036819	-0.022570533	-0.140459364	0	0.035940803	0.004597701	-0.054238833	0.020783646	-0.142857143	-0.03008596	-0.004716981	0.102531646	0.000805802	-0.121638924	-0.038504464	0.015873016	-0.005995313
200802	-0.015943878	0.090604027	0.10904685	-0.211769759	-0.063720452	-0.056584877	0.05928333	-0.198529412	-0.064444444	-0.046072508	0.026364194	-0.223857475	-0.040222922	0.069736842	0.020785219	-0.153696498	-0.0782881	-0.125	0.060268892	-0.100938967	-0.052656323	-0.071370968	-0.055936073	-0.141859215	-0.151612903	-0.036013016
200801	-0.058631513	-0.217712177	-0.104563312	0.117688763	-0.095652174	-0.263507109	-0.009242834	-0.09202454	-0.133611691	-0.046209386	-0.096032746	0.02278481	-0.035173538	-0.237152287	-0.549528302	-0.043282743	-0.103904485	0.111111111	-0.258016774	-0.108315565	-0.012952211	-0.417388032	-0.019459459	0.156235294	0.00280112	-0.065148163
200712	0.012571157	-0.032727273	0.004924761	-0.198473282	0.070767196	0.021755439	0.027012026	0.056179775	-0.054327808	-0.062801932	0.025567366	0	-0.033078308	0.007621951	-0.074581431	-0.036458333	-0.017246419	0.375	-0.011372549	0.007310504	0.026014109	0.120817844	0.010074231	-0.082543224	0.04494382	-0.008703588
200711	-0.037232765	-0.153169014	-0.088534506	-0.313778076	-0.208540925	-0.031441718	-0.10401217	-0.095535714	-0.005676856	-0.092857143	-0.043337264	-0.109671848	-0.038118057	-0.056835637	0.580736544	-0.003292324	0.022988506	-2	-0.079488174	-0.04496124	-0.014938886	0.169435216	-0.05516872	-0.173106646	-0.244117647	-0.04607262
200710	-0.08360352	0.117048346	0.011871685	0.063536616	0.050058893	0.03866171	-0.014467792	0.199674002	0.131133304	0.081402258	0.062447019	-0.042801556	0.055182543	0.069767442	-0.111486486	-0.057340242	0.026176471	-0.666666667	0.081178161	-0.029302671	0.016057092	0.202909091	0.028426396	-0.149758454	0.056737589	0.014605842
200709	0.027676854	0.002881844	0.066206544	0.16239782	0.01405249	0.004253674	0.00942275	0.024779362	0.045477261	0.034282018	-0.119047619	0.041791045	-0.000222074	0.003515625	-0.069908815	0.0522705	0.041679251	-0.2	-0.00938233	0.008288288	0.077969175	0.078923358	0.114420063	0.034759358	-0.025062657	0.034557066
200708	0.022749753	-0.065317919	-0.04571585	-0.054001301	-0.039614337	0.082718447	0.051761076	-0.009049774	-0.115706806	-0.070997991	0.025047132	0.066978193	0.029973357	-0.006664053	-0.224431818	-0.007755946	-0.004412228	-1.233333333	0.089465531	-0.01744186	0.150442478	-0.139177811	-0.01179941	0.026909379	-0.053789731	0.012700222
200707	0.023954116	-0.079218665	-0.060994764	-0.166666667	-0.015725806	-0.00508044	0.048802531	-0.016557434	-0.006100422	-0.053158224	-0.065469613	-0.162979967	0.014648661	-0.049454829	-0.294663573	-0.064819566	-0.067775337	-0.731343284	0.074011059	0.021785714	-0.177662037	-0.01173913	0.042565598	-0.13054087	-0.178654292	-0.033038543
200706	-0.013480816	-0.057315234	-0.018504811	0.206613757	0.022429536	0.065711879	-0.012826603	-0.041398032	-0.041044776	-0.055819477	0.04096448	-0.200430648	-0.016957027	0.049350649	-0.129032258	-0.007870222	-0.013223626	-0.163793103	0.054203032	-0.078130705	-0.154791155	0.03609798	-0.135200974	-0.015467626	-0.025590551	-0.018139488
200705	0.059004093	0.075130766	0.140261628	-0.041347116	-0.062944162	0.030658251	0.041181989	0.024437928	0.096774194	0.040494938	0.131116518	0.046188341	0.008908177	0.130757221	0.003174603	-0.063585657	-0.052784223	-0.059259259	-0.075764934	0.031832035	0.028510638	0.065983058	0.019313305	0.040736805	0.226487524	0.031523174
200704	0.076597801	0.135732648	0.044801352	0.018892091	0.040114613	0.110232558	0.077781039	0.069138277	-0.061507937	-0.003516999	0.030491599	0.029305751	-0.055081816	0.087561742	-0.044585987	0.004644891	-0.009366391	0.531468531	-0.051918736	0.014690451	-0.046868156	0.115990453	0.113238512	0.026587888	0.076923077	0.041494364
200703	0.030747089	0.084473528	0.014454277	-0.041122715	-0.079800995	-0.038159958	0.014003819	-0.010764263	-0.074299065	0.093457944	-0.001604621	-0.053115919	0.012669288	0.166338583	-0.018292683	-0.004365498	0.057587336	-0.71641791	-0.154506438	-0.029818956	-0.00167364	0.091792657	-0.141887724	-0.003793627	0.018817204	0.009881339
200702	-0.002969762	0.044184535	0.033223586	-0.029467085	-0.068927387	-0.055387714	-0.066817301	-0.095491658	-0.086994345	-0.016108247	0.001602051	-0.056875671	-0.044469027	0.121605667	-0.049401198	0.040617506	-0.043440487	0.07826087	-0.007063197	0.141675284	-0.086883876	-0.249702735	-0.096704484	0.040816327	-0.043835616	-0.022334058
200701	-0.048855989	0.065261727	0.070897833	0.06455542	0.059310345	0.033874046	0.020171457	0.032404407	0.028811525	0.042485732	-0.007702182	0.054975341	0.071806821	0.045026882	-0.213980029	0.022808936	0.040799334	0.339622642	0.021779254	0.008032129	0.059185242	0.086584206	-0.006403941	-0.080378251	0.186351706	0.013864167
200612	-0.045297061	0.055272727	-0.038653782	0.048502604	0.018878299	-0.056790123	0.053834277	0.016744809	-0.000824063	0.021192053	-0.014649682	0.001227936	0.048607942	0.055594652	0	0.031654676	0.108506944	0.228571429	0.027924528	-0.108906883	0.10620915	0.007291667	0.116005874	0.047410649	-0.122580645	0.012458577
200611	0.032163025	0.040030793	0.072505614	-0.194663017	0.026713992	0.002803738	-0.0044604	0.022138965	0.014409222	0.00202977	-0.033898305	-0.062701706	0.026145359	0.05514158	-0.119858989	0.03929338	0.047062642	-0.37037037	0.123447205	0.014238773	-0.047989031	-0.075026233	-0.006644518	0.003445636	0.066091954	0.016199853
200610	0.056062912	0.042502005	0.030093393	0.047537228	0.083877159	0.036082474	0.112531138	0.047370254	0.06182122	0.034576271	0.204918033	0.123355025	0.086206897	0.029179811	0.090241343	-0.012716962	-0.033719346	-0.581081081	-0.02258636	-0.025555556	0.069341474	0.16056613	-0.0220022	-0.009988475	0.172307692	0.030545597
200609	0.036549315	0.045226131	-0.019614836	0.122669874	0.060339409	0.048614487	0.01183793	0.060329068	-0.013802315	0.000702247	-0.141657121	0.03365226	-0.032614555	-0.093419984	0.189158016	0.020702528	-0.019110379	-0.948717949	0.036379385	0.13470567	0.046391753	-0.038953488	0.006996771	0.008368201	0.159851301	0.023977243
200608	0.018131102	0.069298246	-0.04756908	-0.104523646	0.083835006	0.080224834	0.043966901	0.06381323	0.053579271	0.044272663	0.039464883	0.12615227	0.096580527	0.0653789	0.032716927	0.069138797	0.09214355	-0.929824561	-0.042696629	-0.017529215	0.086486486	0.125349748	0.144715447	-0.032220944	0.004424779	0.020831096
200607	-0.147301136	0.076343073	-0.080467446	0.075705864	0.070090046	-0.055555556	0.007621754	0.031587697	-0.019953596	-0.003676471	-0.19045961	-0.195741356	-0.090725224	0.047694754	-0.055882353	-0.048957558	0.074074074	-0.079545455	0.024137931	0.048400328	0.036578806	-0.122840691	-0.093155894	0.017094017	-0.062222222	0.005060079
200606	-0.035780612	-0.004081633	0.019777503	0.096005371	0.076158074	0.051578947	-0.040093726	0.027896996	-0.103275705	0.003663004	0.00087745	-0.033981376	0.002119205	0.02754591	0.097493036	0.017391304	0.093076923	-0.696842105	-0.031360424	-0.03362069	0.03908431	0.046153846	0.026086957	-0.009451796	0.025104603	8.66005E-05
200605	-0.021157064	-0.024390244	-0.064943253	0.1503899	-0.114164306	-0.108768036	-0.030538173	-0.066225166	-0.085773196	-0.018382353	-0.120608899	-0.10443988	-0.033713831	0.025751073	-0.057098765	0.062669316	-0.065733673	0.129032258	-0.137473233	0.145120934	0.00232423	-0.123058542	-0.233928571	-0.005992509	-0.266094421	-0.031903251
200604	0.114011471	0.075396825	0.095322676	0.070367133	0.010170353	0.026026026	-0.00157882	-0.126708075	0.096847702	0	-0.064524556	0.21316166	-0.100154083	0.06784141	0.169343066	0.03256262	0.000397931	-0.027065527	0.008659639	0.024390244	-0.05416424	-0.141489362	-0.005306319	0.041325391	0.13220339	0.012009675
200603	0.027744748	0.063304721	0.040575916	0.045133992	0.090675572	-0.058581706	0.027040136	0.012495406	0.032380151	0.101083032	0.014723926	0.096727273	0.149393091	0.039697543	0.054481547	-0.025891257	0.032245223	-0.823855756	-0.009115078	0.003	0.009392265	0.246971109	0.120441459	0.015145631	0.1796875	0.010974075
200602	0.011414594	-0.116838488	-0.074351978	-0.184638109	-0.076553672	-0.032038835	-0.013210369	-0.04763677	0.028683181	-0.045783133	0.04358655	0.097624799	-0.405872667	0.003937008	0.027881041	-0.014366142	0.035787742	-0.043346008	0.018441852	0.014543631	0	-0.107054455	0.123840698	0.014589905	0.028571429	0.000452891
200601	-0.065292096	0.033846154	0.061269841	0.192851205	-0.06087641	-0.174035748	-0.011070111	0.071047957	0.085458613	0.088325653	0.101041667	0.098817756	0.004879953	-0.019762846	-0.151051625	-0.081339713	-0.009385666	0.086005831	0.23351227	0.007124682	0.056887897	0.058133035	0.105230386	-0.086034414	-0.078431373	0.024834385
200512	-0.012645161	0.096602972	0.073047007	-0.127703399	0.108830077	-0.068910256	-0.081508516	-0.058508604	-0.003424658	0.01937658	-0.106604867	0.016336634	0.051785014	0.112403101	0.028239203	0.004424779	0.017328825	-0.012759171	0.053526763	0.064582266	-0.112359551	0.073590504	0.169102296	-0.011790715	-0.022727273	-0.000953304
200511	0.03185525	0.035252644	0.11382707	-0.251141553	0.056341937	0.119190405	0.078965129	0.071531792	-0.02145295	0.034364261	0.14947644	0.135631605	0.074679355	-0.386462882	-0.013675214	0.009777778	-0.000430108	0.117322835	0.234143763	0.020273973	0.058479532	0.155669443	0.108877722	0.013109978	-0.155555556	0.03399014
200510	0.034482759	-0.06455542	-0.005351997	-0.117153285	-0.092352941	-0.04893617	0.020273571	-0.001167315	-0.096897375	-0.043594306	-0.123422592	0.130713246	-0.165213503	-0.215748031	-0.065767285	0.041831239	-0.100601892	-0.045495094	-0.093857833	-0.001118568	-0.072840203	-0.252655539	-0.158834586	0.012915129	-0.019230769	-0.018061159
200509	0.030125409	0.013729977	-0.097051597	-0.116955243	0.046849758	-0.043407708	-0.004986288	-0.064127478	0.082245431	-0.041773231	-0.081643836	-0.021098459	-0.036070606	0.190414508	-0.129746835	0.023046655	0.073046875	0.078498294	-0.046687697	0.022346369	0	-0.041187159	0.161394972	-0.058317757	0.030188679	0.006900986
200508	-0.054111033	0.032482599	-0.047032475	-0.076923077	-0.005367232	-0.055209953	-0.035226991	0.064645727	0.013276434	0.01309329	-0.017477204	-0.128566743	-0.07037037	-0.0608	-0.137254902	-0.053701573	-0.024020228	-0.430555556	-0.167570826	0.08	-0.037894737	-0.140197789	-0.097678917	0.029671494	-0.143968872	-0.011349389
200507	0.036	0.028776978	0.068449198	0.07658881	-0.090193875	0.041267502	0.110951354	0.03006638	0.044690053	0.014925373	-0.065720687	0.115664051	0.094636678	0.066365008	-0.004926108	0.010921005	0.07037037	-0.033656958	0.093959732	-0.00931677	0.041075051	0.433673469	0.147136564	0.057881325	0.231292517	0.034719409
200506	-0.060165975	-0.007407407	-0.037122082	0.072647059	0.067783505	-0.036126057	-0.01819407	-0.038647343	0.011066398	-0.018518519	-0.039710348	0.070982583	0.012230078	0.006462036	0.132352941	0.009569378	0.025675077	0.123356293	-0.209116809	-0.015384615	0.048651507	0.132432432	-0.017561983	0	-0.137168142	-0.000142698
200505	0.002348337	0.008578431	-0.070848708	0.153821757	0.181642245	0.127596439	-0.010986102	0.019379845	0.000508647	-0.012396694	0.106268254	0.021931376	0.086283614	0.173170732	0.122881356	0.021367521	0.032712403	-0.193571429	0.171536287	-0.022424242	0.038354641	0.029075805	0.037563452	0.022797527	0.035019455	0.02908099
200504	-0.120570158	-0.097651422	-0.047208822	-0.101574213	-0.245608108	0.012329932	-0.196386489	0.044664032	-0.04173028	-0.000816327	0.019607843	-0.323327306	0.003387677	-0.118977384	0.082125604	0.075185115	0.129638328	-0.092758827	-0.112059158	-0.007113219	0.03583815	0.099465241	-0.023206751	-0.073546856	-0.076612903	-0.020521243
200503	0.020422453	-0.033783784	-0.056926621	-0.212997618	-0.034174125	-0.032716315	-0.013131976	-0.040959868	-0.046897899	-0.008972268	-0.062564103	-0.08089642	0.019545358	-0.053602812	0.068421053	0.020940259	0.00701565	-0.141840088	0.080818414	-0.091818717	-0.074340528	-0.168646081	-0.121649485	-0.018416206	0.04494382	-0.019490255
200502	-0.005003574	0.119825708	0.081257783	-0.032538569	0.134015211	0.064193414	-0.009073234	-0.044515103	0.011665889	0.050929669	-0.069498069	-0.000758534	0.002816901	-0.038365304	-0.082862524	0.029146572	-0.024456522	0.17793765	0.058430718	0.016172507	0.076450893	-0.021341463	-0.068933824	-0.016636528	-0.011764706	0.018552675
200501	0.027145567	0.01980198	-0.064723822	-0.088291225	-0.049666869	-0.041870824	-0.055234425	-0.01674277	-0.034938621	-0.035775128	0.017148014	-0.21147044	-0.099087353	-0.096385542	0.00173913	-0.128293737	-0.047214854	-0.148774796	-0.020685579	0	-0.144410876	-0.022885572	-0.024935512	-0.14336535	-0.294573643	-0.025946651
200412	0.030218106	-0.026515152	-0.081476766	0.036694958	-0.038661281	0.043180847	0.044025157	-0.003368263	0.041970803	0.028782895	0.081267218	0.040458811	-0.002767892	0.12967033	0.113240418	0.072166922	0.023302938	0.105637379	0.132599884	-0.046575342	-0.03907075	0.035992218	0.066275168	0.038270068	0.089820359	0.031437719
200411	0.025380073	0.067650677	0.043555032	0.001036538	0.077222222	0.00536193	0.047644312	-0.043267438	-0.071904762	0.065198984	0.065967016	0.049554445	0.071569401	0.134680135	-0.011787819	0.04600784	0.053941909	0.128336173	0.156208278	0.031413613	0.046747967	0.234106963	0.168912848	-0.019734714	-0.029605263	0.037160723
200410	-0.030939796	0.069920844	-0.033538462	-0.101945525	0.148103552	0.098831986	0.044679666	0.011440829	0.037760995	0.019021739	0.066078117	0.09467185	0.005946061	0.092412451	-0.005825243	0.012759516	-0.058662281	0.00781759	-0.069620253	0.013513514	0.05010661	0.010540184	0.03027027	0.039022843	-0.025559105	0.013820563
200409	-0.029886207	0.026950355	0.036022626	0.027542373	0.078798587	-0.061316052	0.012246326	0.012658228	-0.006463527	-0.040627886	0.047837296	-0.088658752	0.08352916	-0.067524116	-0.194980695	-0.055202629	-0.046090109	-0.037426133	0.191568047	-0.01369863	0.017957351	0.015978695	1	-0.050181578	-0.439252336	0.009277037
200408	0	-0.049562682	0.010809141	-0.044299201	0.037974684	-0.145138563	-0.028102491	-0.043589744	0.016513761	-0.011535049	0.057761733	0.054524362	0.065501166	0.008032129	-0.056542811	0.023043388	-0.046039604	-0.066455696	-0.049405306	-0.016216216	0.045714286	-0.064952639		0.050613015	-0.168831169	0.002282113
200407	-0.092884896	0.027777778	-0.031220731	-0.079972184	0.070972887	-0.132075472	-0.012403813	-0.002457002	-0.042910448	-0.094736842	-0.074074074	-0.10993865	-0.038663008	-0.096153846	-0.117737003	0.065023374	-0.199242783	-0.040356083	-0.258064516	0.029255319	-0.005389222	0.069885642		0.038741722	-0.051851852	-0.035508115
200406	0.060548828	0.061428571	0.052376627	0.0257566	0.112017167	-0.03442029	-0.004991492	0.081582633	0.091234347	0.011217949	0.089179548	-0.070086226	0.093419789	0.084949215	0.082079343	0.046590909	0.109707972	0.093553908	0.147609148	-0.040547945	0.030375223	0.159836066		0.039269721	0.107394366	0.01767119
200405	-0.022705771	-0.0456621	0.017571885	-0.044723507	0.024166264	0.098774081	0.004740941	0.003812429	-0.078248031	0.036466775	0.027415144	-0.000413223	-0.003443709	0.161453078	0.132637854	-0.04386174	-0.017287234	-0.038388924	-0.017073171	-0.000526593	0.081695332	-0.178861789		0.111509502	-0.104536489	0.01193918
200404	0.053307123	0.037845706	-0.128130081	0.006748208	-0.011887073	-0.057131753	-0.041624135	0.045924225	-0.004564126	0.032800673	0.010067114	-0.118339529	-0.075765576	0.012033694	0.142611684	0.015300297	0.103267974	-0.248484848	-0.289368505	0.015789474	-0.304347826	-0.274482759		-0.030669895	-0.285714286	-0.017077576
200403	0.047025773	0.040847201	-0.080138368	-0.021656051	-0.028389623	-0.073529412	-0.050740418	-0.064179703	-0.003634711	-0.028695652	0.08440678	0.04856879	-0.040490798	0.074299635	0.072144289	-0.043599258	-0.111273081	0.053398058	-0.072535648	-0.016042781	0.048717949	0.044372294		-0.017619421	0.009722222	-0.016631001
200402	-0.013714432	-0.033123028	0.087803576	-0.032418953	-0.051404093	-0.045205479	-0.028290155	-0.042216359	0.035310095	0.038038884	0.154387264	0.088703416	0.120283019	-0.021052632	0.157667387	0.033555556	0.012243113	0.016923077	0.057803468	-0.086842105	0.025336927	0.157417894		0.036937284	-0.053295933	0.012061767
200401	-0.075104312	0.065648855	-0.111761264	-0.074879227	-0.079674061	-0.050131062	0.066008264	0.010126582	-0.053965275	0.014938489	-0.000437828	1	0.067828418	0.051546392	-0.207692308	0.10485169	0.030101815	0.047991654	-0.159509202	-0.065375303	0.047013274	0.112903226		-0.025968837	0.342210386	0.016983017
200312	0.070445725	0.052287582	0.136578947	0.198876404	0.129559748	-0.04648986	0.023090203	0.060650347	-0.014247551	-0.010704728	0.04595186		0.072476273	0.108695652	-0.3014862	0.038530696	0.052943861	0.060273973	-0.044973545	0.059090909	0.060359837	0.090909091		-0.026869159	-0.072874494	0.048312828
200311	0.00215081	0.04137931	0.037793356	0.002571295	-0.017822736	0.017590936	0.011707533	-0.01672501	0.007462687	0.07325684	0.059633028		0.030697674	0.245426829	-0.298531811	0.018968742	-0.01686747	0.104956268	-0.163544304	0.007246377	0.080296479	0.108333333		0.010618127	-0.067924528	0.007078057
200310	0.124255103	0.161870504	0.17136522	0.040778064	0.194510175	0.164795144	0.012852034	-0.063504208	0.038920831	0.088571429	0.027317073		0.049264235	-0.034343434	0.266331658	0.037309368	-0.087203791	0.048208469	-0.183637946	0.066180049	0.0322364	0.018691589		0.080873898	0.24204947	0.052098105
200309	-0.031417403	-0.045064378	-0.091743119	-0.004153433	0.165687427	-0.038880814	0.07154987	0.046043165	-0.00138058	-0.039707419	-0.073219659		0.007738896	0.09765625	-0.051369863	-0.020084866	-0.064080209	0.01779603	0.154044118	-0.005732152	0.036086051	-0.024761905		0.040867389	0.328671329	-0.012088718
200308	0.016002246	-0.006160164	0.027661064	0.089294404	0.062676056	0.12941588	0.009267163	0.004147813	0.088235294	0.031155779	0.057009346		0.092912852	-0.073593074	0.092833876	-0.032445923	0.12535846	0.10174216	0.052585832	0.036787565	0.00287977	0.118959108		0.007391304	-0.041666667	0.01755935
200307	0.080028531	0.097959184	0.081742888	0.038204649	-0.007513148	0.163921254	-0.015384615	0.029155623	0.046875	0.004149378	0.032210109		0.037383178	-0.235887097	0.21005386	0.052108515	0.041686183	0.116369279	0.190366972	0.05056482	0.020938628	-0.11814346		0.127463863	0.31	0.015964698
200306	0.01938285	0.049773756	0.034901961	0.018611111	0.175988069	-0.000480538	-0.067151515	0.040171607	0.161819143	0.025	0.005120328		0.034174757	-0.092985318	-0.136363636	-0.021819212	0.079178886	0.071992976	0.141643059	0.045325779	0.016961652	0.245283019		0.003514056	0.130434783	0.011195485
200305	0.003478811	0.033333333	0.068264933	-0.020379281	0.069683258	0.117675312	0.035665607	-0.038602194	0.032807571	0.092948718	0.008234689		0.041013269	0.16119403	0.2	-0.066833056	0.117834395	0.105960265	0.201980198	-0.044510386	0.063765941	0.1875		0.002518892	-0.044444444	0.048433462
	-0.031735957	0.130541872	0.154819014	0.06740638	-0.492217899	0.113772455	0.076207303	0.052816901	0.131767776	0.081272085	0.082511676		0.185324948	0.366548043	0.3725	0.090979984	-0.13898917	0.26984127	0.146401985	-0.044318182	0.074519231	0.018461538		-0.011111111	-0.063829787	0.074968372
	0.035835128	-0.002832861	-0.057791538	-0.00446163	-0.007170795	-0.06019656	0.006120107	0.021065675	-0.136739294	0.01025641	-0.028280543		-0.062274833	-0.137640449	0	0.059765513	-0.050713154	0.114492754	0.101744186	0.053318825	0.000865801	-0.163009404		-0.047452547	0.15	0.008288335
	0.006540118	0.04519774	0.035609756	-0.075806929	-0.051132686	0.090382387	-0.003207184	-0.001265823	-0.011235955	-0.168393782	-0.010451045		0.008236434	-0.007407407	0.083665339	-0.090328467	-0.191553544	-0.171849427	0.009708738	0.083333333	0.030329289	0.029649596		-0.039580353	0.123529412	-0.017297747
	0.010115607	0.020710059	-0.152250885	-0.014588494	-0.070812808	0.008280255	0.008951407	-0.08933839	-0.005228758	-0.036585366	0.059335874		-0.166585247	0.215686275	-1.17826087	0.032914923	0.014345992	-0.247206704	-0.168845316	1	0.051831993	-0.138888889		-0.002293578	-0.348993289	-0.028187449
	-0.053203569	-0.123867069	-0.121597893	-0.077048291	-0.19666475	-0.341040462	-0.121548387	-0.115667311	-0.043563069	-0.238502674	-0.034722222		-0.128559464	0.265625	-0.596806387	-0.043841938	-0.017979452	-0.086226204	1		-0.055607917	-0.024390244		0.023798627	-0.124378109	-0.064206315
	0.022485754	0.185483871	0.136594912	0.162468514	0.140317155	0.171455939	0.09180856	0.072815534	0.046728972	0.075993092	0.07606264		0.030055659	0.2	0.3375	0.017408124	0.028595458	0.06185567			0.085714286	0.102380952		0.005157056	0.212389381	0.053988529
	0.133606428	0.052805281	0.125113327	-0.169924812	0.242593628	0.197109827	0.261337725	0.182124159	0.040522876	0.228037383	-0.125302663		-0.09716909	0.069148936	0.150943396	0.106299213	0.034632035	-0.175824176			-0.095703125	-0.222811671		0.002356268	0.393258427	0.079570087
	-0.136206583	-0.146341463	-0.3	-0.23033419	-0.044280443	-0.200143988	-0.29274567	-0.122085048	-0.005449591	-0.240920097	-0.168370091		-0.081589958	-1.857142857	-0.106666667	-0.04185022	-0.157847534	-0.028037383			-0.095365419	-0.151843818		-0.147850732	-0.388888889	-0.123626239
	-0.007042254	-0.127659574	-0.078118772	0.0273715	0.08975265	-0.127174565	0.066065269	0.022412388	0.043360434	0.03902439	0.063535912		-0.027401676	0.076	0.048192771	0.041377227	-0.077459334	-0.209090909			-0.016273393	0.064030132		0.02345679	-0.133333333	0.004857707
	0.022568341	-0.09703504	-0.225508318	-0.148227712	0.00621118	0.027674295	-0.022727273	-0.140058358	0.007790368	-0.054822335	-0.181907571		-0.067461563	-0.893939394	-0.867088608	0.026780088	-0.049245147	-0.082706767			-0.257005604	-0.227364185		-0.034555415	-0.176470588	-0.085781356
	-0.019837398	0.081081081	-0.05520362	-0.162768943	-0.1046875	-0.511767926	-0.117361111	0.069104205	-0.034975018	-0.210779596	0.022462562		-0.006760729	-0.08	0.09039548	-0.03561023	-0.392600206	-0.121527778			0.096178344	-0.198360656		-0.043991853	0.06	-0.078115213
	-0.002869898	-0.040106952	0.027158376	-0.032180209	-0.09688826	-0.035843592	-0.041143567	-0.026315789	-0.074482759	0.011923688	-0.033191489		-0.007883212	-0.632804233	-0.47826087	-0.044076274	-0.03198032	-0.040247678			-0.014094433	-0.053351573		-0.015606711	-0.515957447	-0.009164683
	0.085691574	-0.01285347	-0.109021452	0.057677319	-0.056092843	-0.062915065	-0.241642789	-0.154228856	0.07830552	-0.072405471	0.073723229		0.024044032	-0.095917045	-0.050420168	0.040718563	-0.07318236	-0.054166667			-0.000694927	-0.019480519		-0.010756819	-0.094736842	-0.065436616
	-0.025386889	0.121827411	0.004504505	0.123573201	0.160561661	0.061164091	0.056538462	0.032824934	0.106545961	0.149287322	0.132947977		0.121104185	0.375517445	0.0376	-0.059612984	0.045313194	0.220779221			0.055555556	0.135031847		0.023185101	0.118589744	0.035436948
	0.05884348	0.101156069	0.045781208	0.034730087	-0.142545455	-0.22732049	-0.099571953	-0.092218032	0.151208106	-0.027336861	0.094871795		0.019587977	-0.330492424	0.154613466	0.098969072	0.058864588	0.057971014			-0.040441176	-0.030927835		0.041245136	-0.545454545	-0.021206618
	-0.065045045	-0.054662379	0.008368201	0.049667579	0.013367282	0.102454338	-0.121141904	-0.039861896	0.002754821	-0.054077253	-0.034560907		-0.009989666	-0.175088968	0.120943953	-0.018306636	-0.032138443	-0.052307692			0.016961131	-0.371428571		0.02637987	-0.282352941	-0.015820209
	0.030790052	0.024390244	-0.085794655	-0.022633745	0.078709677	-0.038473768	0.044394841	0.030787806	0.079189687	0.017100977	0.030120482		0.049795362	0.014536644	0.267337808	-0.032423756	-0.067305389	0.225146199			0.074766355	0.051041667		0.042100875	0.335779817	0.007516898
	0.089020772	0.13125	0.163989637	0.16861167	0.173669468	0.252296387	0.065057531	0.094363127	0.095	-0.002485501	0.103331451		0.10086145	0.038106945	0.442748092	0.041044776	0.065305206	0.174528302			0.013209013	-0.064763996		0.08616188	0.187845304	0.069919698
	0.057290669	0.079136691	0.039045553	-0.038238141	0.283898305	0.162981163	0.15129083	0.120013755	0.051933702	0.080991736	0.030856423		-0.07744511	-0.03514377	0.216438356	0.016536965	0.046338535	-0.034285714			-0.059055118	0.022680412		-0.096666667	0.659863946	0.017777275
	-0.057926829	-0.22265625	-0.229280877	-0.276223776	-0.553846154	-0.367906067	-0.089729612	-0.114888628	-0.351981352	-0.321942446	-0.218323587		-0.222675065	-0.214814815	-0.251748252	0.008242664	-0.135699899	-0.779005525			-0.02527881	-0.201476793		0.014329136	-0.1	-0.088996484
	-0.074735831	-0.006389776	-0.029118573	-0.161643836	-0.257425743	-0.066165951	-0.052626313	-0.160182264	-0.189655172	-0.047619048	0.046933333		-0.027878788	-0.170223577	-0.332402235	-0.054521277	0.021059632	-0.144099379			0.071791153	-0.053555751		-0.074889868	-0.890909091	-0.068499797
	-0.019842689	0.034920635	-0.004333418	-0.011792453	0.015748031	0.018785642	-0.074042391	-0.102719033	-0.003623188	-0.105844156	0.054280918		-0.014445755	-0.072514112	-0.13836478	0.06998739	-0.086956522	-0.016286645			-0.015625	-0.116666667		0.050819672	-0.442307692	-0.010856732
	-0.039263804	-0.049342105	-0.095177665	0.115773116	-0.046153846	0.076581197	0.010619469	0.052328767	0.025270758	-0.103934234	-0.062130178		0.00087184	-0.392712551	-0.064456722	0.04779661	-0.055208333	0.038461538			0.02	-0.102985075		0.095423143	-0.25	-0.025678302
	-0.003710575	-0.05015674	0.040556199	0.036731107	-0.081176471	-0.144390966	-0.029874776	0.020526164	-0.033333333	-0.130319149	0.142618384		-0.019488074	1	0.083044983	0.049483802	-0.072063179	0.155555556			0.058084772	0.086603518		0.092124105	-0.338666667	0.00506442
	0.127037473	0.062686567	0.131642512	0.054004744	0.108813928	0.148819152	0.164669098	0.193034238	0.090322581	0.174117647	0.172189734		0.088445078		0.150943396	-0.055805243	-0.015653775	-0.201973684			0.060833333	0.122222222		0.006309148	-0.051792829	0.071334817
	-0.085274302	-0.191082803	0.005285118	-0.028351013	-0.404151404	-0.085518814	-0.03867748	-0.079005121	-0.004728132	-0.270655271	-0.087127159		-0.004694836		0.653333333	0.228449805	0.015231188	-0.133004926			0.083407276	-0.092827004		0.023809524	-0.166666667	-0.068609792
	0.018623625	0.010695187	-0.027404922	-0.007126782	-0.313913043	-0.295518207	-0.121121121	-0.034915254	0.043921569	-0.096412556	-0.001444043		-0.017133956		-0.243589744	-0.149425287	0.067022648	-0.084541063			-0.089060987	-0.138996139		-0.072086721	-0.334415584	-0.101674275
	-0.088921019	0.108108108	0.088187262	0.051396648	0.236929186	0.187567568	0.241071429	0.289551261	0.097621001	0.036400818	0.128334535		-0.027871363		0.515463918	-0.3152	-0.233471482	0.031180401			0.172444444	0.152542373		-0.126390293	0.588807786	0.033477061
	0.171120332	0.103030303	0.158507463	0.028268551	-0.299653079	-0.266134398	-0.1	-0.322729368	-0.068181818	0.036926995	-0.165425972		0.0670441		-0.925531915	0.184610706	0.05696	0.014252874			0.012889366	0.0464		0.087073609	-1.458579882	0.004037022
	0.032639167	-0.057432432	-0.017736786	-0.255151515	-0.147147147	-0.182343668	-0.053475936	-0.200418264	-0.191489362	-0.20096959	-0.058197303		-0.069945704		-0.591160221	0.09772473	0.072107228	-0.002798507			-0.013057671	0.17533557		0.005899705	-0.895306859	-0.08703753
	0.056924032	-0.031948882	0.117811084	-0.046193465	0.040139616	0.076444444	-0.143451777	0.1242741	0.200714286	-0.034495413	0.102615694		0.055820896		-0.215277778	-0.126498553	0.146279027	-0.084186047			0	-0.085452696		0.069732938	-0.214603175	-0.004974115
	-0.020851624	-0.021671827	-0.314500198	-0.076923077	-0.181818182	-0.801732435	-0.172156619	-0.157493369	0.117068811	1	-0.214499253		-0.06323111		-0.642857143	0.034495413	-0.056543157	-0.222651223			0.019334049	-0.358950328		0.127591707	-0.49973863	-0.056505002
	0.031821114	-0.115151515	0.090772468	0.186571429	0.147948718	0.108573718	0.149750038	0	-0.015182186		0.057846154		-0.022301517		0.236521739	0.123527176	0.086559903	0.078947368			0.075575027	1		0.102985984	1	0.057225502
	0.078392183	-0.190217391	0.041322314	-0.019669828	-0.333433644	-0.001348315	0.023964365	-0.145803495	-0.146560319		-0.160026127		0.036067481		-0.25284738	0.137901127	-0.001553484	0.195047619			0.131516588			0.127038043		-0.016612735
	-0.033253012	-0.068493151	-0.007586207	-0.216500172	0.133829835	0.067324955	0.020536692	0.218	0.070434783		-0.105292793		-0.143029572		-0.147272727	-0.235412475	-0.02215821	-0.038334122			-0.270122783			-0.018677043		0.023374123
	-0.010027985	-0.023504274	-0.110198494	-0.325640663	-0.322303283	-0.01716394	-0.039045755	-0.115089514	0.158091674		0.025471218		-0.041182682		0.385103011	0.098941368	0.043355734	-0.03691887			0.080558539			0.106951872		-0.022406026
	-0.022396675	-0.139874739	-0.082922318	0.115561252	0.049261084	-0.040372181	-0.061704036	-0.523222477	0.096666667		0.031364349		-0.090263692		-0.353092784	-0.20018075	-0.02537956	0.027252747			-0.197429907			-0.018819504		-0.031774337
	0.004290876	0.142857143	0.025049815	0.081511895	-0.400207254	0.143550099	0.132032438	0.158855637	0.039360394		0.072315165		0.11627907		-0.095238095	0.209337349	0.147845304	-0.107094442			0.15804878			0.167926113		0.088190153
	-0.061691994	-0.036324786	-0.017226277	-0.059163818	0.398904677	0.124424779	-0.092457421	-0.095099575	-0.201024328		0.025596277		-0.059210526		0.12	-0.166666667	0.008039419	-0.175918367			-0.180764774			-0.157416751		-0.020520777
	-0.045503098	-0.041237113	-0.191159587	0.097691162	-0.015759665	0.167980594	0.038930958	-0.192889252	0.140724947		-0.149253731		-0.108819876		-0.345849802	-0.015510204	0.065359477	0.075668171			-0.214916585			-0.084568439		-0.053633665
	0.023702493	0.04950495	0.210843373	-0.015132756	0.375757576	0.06851312	0.044679273	0.220280918	-0.171215881		0.035844156		0.093883038		-0.202643172	0.047829582	-0.031608392	-0.166353736			0			-0.138263666		0.05468096
	0.005232315	-0.079166667	0.072366412	0.045399106	0.266796117	-0.00991132	0.046671842	-0.016695958	-0.264830508		-0.013469828		-0.043273986		-0.197802198	-0.160827353	0.042570499	0.058274308			0.010500808			-0.041666667		0.018705316
	-0.010519672	-0.108108108	-0.021395655	0.106473595	0.052966102	0.040289256	-0.231552163	0.021607606	0.010887772		-0.066454014		0.023702299		0.235474006	-0.018181818	-0.07788162	0.042735043			1			0.031864407		0.058858489
	0.01623985	0.031358885	-0.040283597	-0.052589768	0.306487696	-0.105758881	-0.029421488	-0.022084806	0.031329382		-0.134097707		0.062151008		-0.050666667	-0.2725	-0.226747241	-0.085						0.010504202		-0.029390899
	0.069417989	-0.111510791	0.072490706	0.077283019	0.175806452	0.160379654	-0.009071933	0.072817632	-0.016608392		0.045274725		-0.04996117		-0.371827411	-0.068200954	-0.153994431	-0.051349572						0.022646851		-0.0062935
	0.01137139	0.048543689	-0.033400134	-0.079666285	0.290606654	0.137681159	-0.028323653	-0.050804008	0.171969046		-0.053406998		-0.083333333		-0.237742831	-0.159485024	0.081291759	-0.0507201						-0.009413469		-0.03310705
	0.013572579	0.132653061	0.111182935	-0.045454545	0.142068966	0.091428571	0.102514507	0.105344866	0.107995846		0.035839161		0.103777879		0.107623318	0.004305461	0.060606061	-0.005661502						0.004304161		0.051627802
	-0.037779851	-0.039215686	-0.132	-0.290724638	0.170418006	-0.131705512	0.098362069	-0.007932573	0.126891735		-0.065276519		-0.052310818		-0.309045226	0.095357305	-0.16	0.05362963						-0.044668588		-0.025609906
	0.20494382	0.026415094	0.338580148	0.023130474	-0.044573643	0.028440667	0.15259585	-0.102065912	0		0.281702128		0.180984556		-0.407549584	-0.017358491	0.048757879	0.095804634						0.10137931		0.036556869
	-0.046636518	0.011627907	0.01651287	0.051034483	1	-0.008748318	0.04231073	0.162463736	-0.021333333		-0.122037915		-0.02209782		0.062272727	0.006181998	-0.125511596	0.242382271						0.076745971		0.037345398
	-0.048069133	-0.058823529	-0.031604938	-0.087088178		-0.175116744	-0.079524034	-0.165734079	0.045691906		-0.010031679		0.003747478		0.003393117	0.032595173	0.028051948	-0.205667276						0.072319202		-0.033359444
	0.083741304	0.137037037	0.107707037	0.202674095		0.158671587	-0.006111536	0.207542857	0.187414501		-0.040773654		-0.06712963		-0.307392996	-0.104423868	-0.085693925	-0.13495072						-0.083333333		0.039393892
	-0.131889764	0.006437768	0.004291845	0.023476803		0.092105263	0.104458184	0.120276896	0.01010101		0.053741838		-0.02521692		-0.039434524	0	0.133409911	-0.085504342						0		0.053366742
	0.010931677	0.05399568	-0.067349138	0.095735547		0.17131178	0.10065407	0.132131148	0.074829932		0.001592357		0.034646919		0.279527559	-0.008616674	0.092217383	0.126769231						0.025641026		0.055825305
	0.074604371	-0.102739726	0.103987885	0.13150815		0.038565022	0.134680135	-0.039667548	0.011029412		0.142477406		0.066849315		-0.024838549	0.037404756	0.037755528	0.152219873						0.156196944		0.074326231
	0.070304017	-0.113871636	0.156619718	-0.059220117		0.169776119	0.123579767	0.128633721	0.081784387		0.135771854		0.034644745		-0.248182259	0.025425762	0.154563191	-0.249376559						-0.109657948		0.058730986
	-0.096642336	-0.141263941	-0.157648631	-0.243936006		-0.185955056	-0.17652282	-0.145954962	-0.303643725		-0.426111908		-0.16149635		-0.228349515	-0.109032734	-0.147435897	-0.23918829						-0.309156845		-0.170681514
	-0.093982961	0.037459283	0.049047894	0.076061402		0.122216959	0.133433962	0.01419214	0.00931677		-0.068913481		-0.099764336		0.205501107	-0.007101642	0.090726257	-0.026845638						-0.021468144		-0.011751898
	-0.127038209	-0.082910321	-0.052184466	-0.075886843		0.036157582	-0.023340881	0.217423403	0.020376176		-0.032470588		-0.043095238		1	-0.024680476	0.104448267	-0.057254902						-0.103728814		0.037941861
