Time						
18						
46						
45						
20						
33						
33						
21						
31						
23						
34						
42						
38						
31						
38						
21						
37						
37						
30						
42						
34						
34						
18						
30						
48						
51						
52						
19						
37						
30						
25						
42						
41						
34						
50						
52						
50						
19						
21						
34						
25						
18						
25						
25						
43						
59						
37						
23						
23						
40						
31						
45						
51						
45						
60						
30						
40						
37						
21						
34						
34						
42						
43						
60						
40						
37						
20						
40						
18						
21						
52						
18						
68						
28						
57						
63						
57						
63						
31						
67						
25						
69						
34						
69						
57						
69						
57						
70						
18						
70						
70						
71						
73						
73						
71						
70						
69						
68						
64						
59						
18						
47						
52						
55						
25						
