Year	Beef Veal CPI	Beef Retail	U. S. Population	Beef Production	Veal Retail	Veal Production	Beef Veal Slaughter PPI	Red Meat Retail	Beef Veal Retail	Beef Veal Retail lag	Beef Veal Production	Beef Veal Prod lag
1935	11.6	5348	127.362	6608	989	1023		12883	6337.47		7631	
1936	11.1	6116	128.181	7358	978	1075		14417	7094.43	6337.47	8433	7631
1937	12.5	5615	128.961	6798	1008	1108		14068	6622.81	7094.43	7906	8433
1938	11.6	5576	129.969	6908	905	994		14301	6480.36	6622.81	7902	7906
1939	11.9	5656	131.028	7011	902	991		15212	6557.42	6480.36	8002	7902
1940	12.1	5733	132.122	7175	893	981		16425	6625.74	6557.42	8156	8002
1941	13	6523	133.402	8082	938	1036		16812	7461.24	6625.74	9118	8156
1942	14.5	7104	134.860	8843	1046	1151		17662	8150.06	7461.24	9994	9118
1943	14.6	6738	136.739	8571	1037	1167		19329	7775.31	8150.06	9738	9994
1944	13.9	7388	138.397	9112	1552	1738		21035	8939.63	7775.31	10850	9738
1945	13.9	7695	139.928	10276	1498	1664		19308	9193.25	8939.63	11940	10850
1946	17.7	7173	141.389	9376	1304	1443		19357	8477.23	9193.25	10819	11940
1947	25.1	8139	144.126	10432	1437	1605	37.7	19712	9575.47	8477.23	12037	10819
1948	30.4	7428	146.631	9075	1296	1423	45.4	18699	8723.42	9575.47	10498	12037
1949	28.3	7653	149.188	9439	1223	1334	38.8	18886	8875.77	8723.42	10773	10498
1950	31.2	7762	151.684	9534	1128	1230	44.2	19295	8890.15	8875.77	10764	10773
1951	36.5	7284	154.287	8837	970	1059	52.6	19271	8253.86	8890.15	9896	10764
1952	36.2	7905	156.954	9650	1057	1169	48.2	20234	8961.25	8253.86	10819	9896
1953	28.5	9980	159.565	12407	1408	1546	34.7	21531	11387.84	8961.25	13953	10819
1954	27.4	10357	162.391	12963	1485	1647	35.2	21635	11841.197	11387.84	14610	13953
1955	27.1	10698	165.275	13569	1410	1578	33.9	22957	12108.318	11841.197	15147	14610
1956	26.7	11257	168.221	14462	1438	1632	32.1	23837	12694.853	12108.318	16094	15147
1957	28.7	11234	171.274	14202	1342	1526	34.6	22919	12576.762	12694.853	15728	16094
1958	33.4	10816	174.141	13330	1039	1186	40.9	22101	11855.115	12576.762	14516	15728
1959	34.4	11056	177.073	13580	886	1008	42.1	23642	11942.616	11855.115	14588	14516
1960	33.5	11695	180.671	14753	955	1109	38.8	24025	12649.722	11942.616	15862	14588
1961	33	12195	183.691	15325	898	1044	37	24255	13092.606	12649.722	16369	15862
1962	34.2	12439	186.538	15322	870	1015	40.2	24769	13308.364	13092.606	16337	16369
1963	33.8	13290	189.242	16453	790	929	35.9	25855	14080.56	13308.364	17382	16337
1964	32.8	14353	191.889	18453	851	1013	33.6	27034	15203.79	14080.56	19466	17382
1965	34.4	14512	194.303	18724	860	1020	37.4	26026	15372.02	15203.79	19744	19466
1966	36.2	15353	196.560	19695	769	911	38.9	26696	16122.25065	15372.02	20606	19744
1967	36.4	15866	198.712	20184	664	792	38.4	28148	16530.27832	16122.25065	20976	20606
1968	37.9	16456	200.706	20847	623	735	40.9	29028	17078.92804	16530.27832	21582	20976
1969	41.7	16725	202.677	21125	573	673	44.7	28927	17298.33949	17078.92804	21798	21582
1970	43.5	17308	205.052	21684	506	588	44.3	29761	17814.69579	17298.33949	22272	21798
1971	45.5	17431	207.661	21904	470	547	49.5	31062	17901.39581	17814.69579	22451	22272
1972	49.7	17903	209.896	22413	405	458	55.5	30399	18308.17759	17901.39581	22871	22451
1973	59.6	17063	211.909	21278	320	357	70.2	28215	17383.2719	18308.17759	21635	22871
1974	61.3	18307	213.854	23137	425	486	65.2	30441	18732.05957	17383.2719	23623	21635
1975	61.9	19040	215.973	23975	745	873	67	29440	19785.56554	18732.05957	24848	23623
1976	59.9	20523	218.035	25969	716	852	60.5	31431	21238.67516	19785.56554	26821	24848
1977	59.5	20162	220.239	25279	701	833	62	31473	20862.92395	21238.67516	26112	26821
1978	73.1	19393	222.585	24241	541	631	80.8	30600	19933.79366	20862.92395	24872	26112
1979	93.1	17542	225.055	21447	378	435	104.8	30181	17920.71706	19933.79366	21882	24872
1980	98.4	17400	227.726	21643	348	400	104	30988	17747.66291	17920.71706	22043	21882
1981	99.2	17743	229.966	22389	374	435	99.1	30901	18116.93271	17747.66291	22824	22043
1982	100.6	17847	232.188	22536	386	448	100	29863	18233.27056	18116.93271	22984	22824
1983	99.1	18400	234.307	23243	386	453	96.7	31153	18785.30351	18233.27056	23696	22984
1984	100.3	18501	236.348	23598	421	495	101	31337	18922.25335	18785.30351	24093	23696
1985	98.2	18850	238.466	23728	442	515	90.8	31908	19291.72752	18922.25335	24243	24093
1986	98.8	18933	240.651	24371	456	524	89.2	31411	19388.92371	19291.72752	24895	24243
1987	106.3	17895	242.804	23566	373	430	100	30434	18268.19905	19388.92371	23996	24895
1988	112.1	17757	245.021	23589	340	396	107.4	31201	18097.25747	18268.19905	23985	23996
1989	119.3	17031	247.342	23087	296	355	111.5	30413	17326.65826	18097.25747	23442	23985
1990	128.8	16893	250.132	22743	270	327	119	29863	17162.8504	17326.65826	23070	23442
1991	132.4	16832	253.493	22917	253	306	113.1	30056	17084.43197	17162.8504	23223	23070
1992	132.3	16930	256.894	23086	259	310	113.6	30971	17188.46	17084.43197	23396	23223
1993	137.1	16761	260.255	23049	237	285	114.7	30766	16998.18	17188.46	23334	23396
1994	136	17424	263.436	24386	241	293	104.1	31706	17664.35	16998.18	24679	23334
1995	134.9	17700	266.557	25222	265	319	99.4	31993	17964.335	17664.35	25541	24679
1996	134.5	18064	269.667	25525	314	378	97.6	31653	18377.24	17964.335	25903	25541
1997	136.8	17884	272.912	25490	276	334	98.7	31451	18160.41	18377.24	25824	25903
1998	136.5	18363	276.115	25760	220	262	92.7	33062	18583.05	18160.41	26022	25824
1999	139.2	18800	279.295	26493	195	235	98.4	33980	18995.23	18583.05	26728	26022
2000	148.1	19072	282.385	26888	187	225	104.4	33932	19258.25	18995.23	27113	26728
2001	160.5	18840	285.267	26212	169	205	108.2	33595	19009.12	19258.25	26417	27113
2002	160.6	19448	288.028	27192	169	205	101.2	34737	19617.42	19009.12	27397	26417
2003	175.1	18850	290.704	26339	169	202	127	34349	19018.99406	19617.42	26541	27397
2004	195.3	19350	293.310	24650	147	176	125.4	34795	19497.01	19018.99406	24826	26541
2005	200.4	19361	295.994	24787	136	165	130.8	34494	19497.2538	19497.01	24952	24826
2006	202.1	19638	298.766	26256	129	156	127.2	34718	19766.8467	19497.2538	26412	24952
2007	211.06	19629	301.714	26523	120	145	138.8	35285	19748.9151	19766.8467	26668	26412
2008	220.586	19508	304.483	26663	125	152	138.3	34834	19632.87397	19748.9151	26815	26668
